MAE: 5824.493558684052
RMSE: 11653.344932169552
R2: 0.7284262991183958
